(array([[0., 0., 1., 0., 0., 0., 0., 0., 0., 0.],
       [0., 1., 1., 0., 0., 0., 0., 0., 0., 0.],
       [0., 0., 0., 0., 0., 0., 0., 0., 0., 0.],
       [0., 0., 0., 0., 0., 0., 0., 0., 0., 0.],
       [0., 0., 0., 0., 1., 0., 0., 0., 0., 1.],
       [1., 0., 0., 0., 0., 0., 0., 0., 0., 0.],
       [2., 0., 0., 0., 0., 0., 0., 0., 0., 0.],
       [1., 0., 0., 0., 0., 0., 0., 0., 0., 0.],
       [0., 1., 0., 0., 0., 1., 0., 0., 0., 0.],
       [1., 1., 1., 0., 0., 0., 0., 0., 0., 0.]]), array([-97.2095 , -74.35142, -51.49334, -28.63526,  -5.77718,  17.0809 ,
        39.93898,  62.79706,  85.65514, 108.51322, 131.3713 ]), array([-142.207 , -113.8691,  -85.5312,  -57.1933,  -28.8554,   -0.5175,
         27.8204,   56.1583,   84.4962,  112.8341,  141.172 ]))