(array([[0., 0., 1., 1., 0., 0., 0., 0., 0., 0.],
       [0., 0., 1., 1., 0., 0., 0., 0., 0., 0.],
       [0., 0., 0., 0., 0., 0., 0., 0., 0., 0.],
       [0., 1., 0., 0., 0., 0., 0., 0., 0., 0.],
       [0., 1., 0., 0., 0., 0., 0., 0., 0., 0.],
       [1., 0., 1., 0., 0., 0., 1., 0., 0., 1.],
       [0., 0., 0., 0., 0., 0., 0., 0., 0., 0.],
       [2., 0., 1., 0., 0., 0., 0., 0., 0., 0.],
       [0., 0., 0., 0., 0., 0., 0., 0., 0., 0.],
       [0., 0., 1., 0., 0., 0., 0., 0., 0., 0.]]), array([-97.2001 , -73.83709, -50.47408, -27.11107,  -3.74806,  19.61495,
        42.97796,  66.34097,  89.70398, 113.06699, 136.43   ]), array([-152.718 , -124.3739,  -96.0298,  -67.6857,  -39.3416,  -10.9975,
         17.3466,   45.6907,   74.0348,  102.3789,  130.723 ]))