(array([[0., 0., 1., 0., 0., 0., 0., 0., 0., 0.],
       [0., 1., 1., 0., 0., 0., 0., 0., 0., 0.],
       [0., 0., 1., 0., 0., 0., 0., 0., 0., 0.],
       [1., 1., 0., 0., 0., 0., 0., 0., 0., 0.],
       [0., 0., 0., 0., 0., 0., 0., 0., 0., 0.],
       [0., 1., 0., 0., 0., 0., 0., 0., 0., 1.],
       [0., 2., 0., 0., 0., 0., 0., 0., 0., 0.],
       [1., 0., 0., 0., 0., 0., 0., 0., 0., 0.],
       [1., 0., 0., 0., 0., 0., 0., 0., 0., 0.],
       [1., 1., 0., 0., 0., 0., 0., 0., 0., 0.]]), array([-98.9992 , -76.86039, -54.72158, -32.58277, -10.44396,  11.69485,
        33.83366,  55.97247,  78.11128, 100.25009, 122.3889 ]), array([-139.5763 , -112.87953,  -86.18276,  -59.48599,  -32.78922,
         -6.09245,   20.60432,   47.30109,   73.99786,  100.69463,
        127.3914 ]))