(array([[0., 0., 3., 1., 0., 0., 0., 0., 0., 0.],
       [0., 0., 0., 0., 0., 0., 0., 0., 0., 0.],
       [1., 0., 0., 0., 0., 0., 0., 0., 0., 0.],
       [0., 0., 1., 0., 0., 0., 0., 0., 0., 1.],
       [1., 0., 0., 0., 0., 0., 0., 0., 0., 0.],
       [2., 0., 0., 0., 0., 0., 0., 0., 0., 0.],
       [1., 1., 0., 0., 0., 0., 0., 0., 0., 0.],
       [0., 1., 0., 0., 0., 0., 0., 0., 0., 0.],
       [0., 0., 0., 0., 0., 0., 0., 0., 0., 0.],
       [1., 0., 0., 0., 0., 0., 0., 0., 0., 0.]]), array([-59.9981 , -41.77267, -23.54724,  -5.32181,  12.90362,  31.12905,
        49.35448,  67.57991,  85.80534, 104.03077, 122.2562 ]), array([-142.956  , -117.01977,  -91.08354,  -65.14731,  -39.21108,
        -13.27485,   12.66138,   38.59761,   64.53384,   90.47007,
        116.4063 ]))