(array([[0., 0., 1., 0., 0., 0., 0., 0., 0., 0.],
       [0., 0., 1., 1., 0., 0., 0., 0., 0., 0.],
       [0., 0., 1., 0., 0., 0., 0., 0., 0., 0.],
       [0., 0., 0., 0., 0., 0., 0., 0., 0., 1.],
       [2., 0., 0., 0., 0., 0., 0., 0., 0., 0.],
       [1., 0., 0., 0., 0., 0., 0., 0., 0., 0.],
       [0., 0., 0., 0., 0., 0., 0., 0., 0., 0.],
       [1., 0., 0., 0., 0., 0., 0., 0., 0., 0.],
       [1., 1., 0., 0., 0., 0., 0., 0., 0., 0.],
       [1., 1., 1., 0., 0., 0., 0., 0., 0., 0.]]), array([-78.2084  , -62.236886, -46.265372, -30.293858, -14.322344,
         1.64917 ,  17.620684,  33.592198,  49.563712,  65.535226,
        81.50674 ]), array([-130.3158 , -110.41075,  -90.5057 ,  -70.60065,  -50.6956 ,
        -30.79055,  -10.8855 ,    9.01955,   28.9246 ,   48.82965,
         68.7347 ]))