(array([[0., 0., 1., 0., 0., 0., 0., 0., 0., 0.],
       [0., 0., 3., 0., 0., 0., 0., 0., 0., 0.],
       [0., 1., 1., 0., 0., 0., 0., 0., 0., 0.],
       [0., 1., 0., 0., 0., 0., 0., 0., 0., 0.],
       [0., 0., 0., 0., 0., 0., 0., 0., 0., 1.],
       [0., 0., 0., 0., 0., 0., 0., 0., 0., 0.],
       [0., 0., 0., 0., 0., 0., 0., 0., 0., 0.],
       [0., 2., 0., 0., 0., 0., 0., 0., 0., 0.],
       [1., 0., 0., 0., 0., 0., 0., 0., 0., 0.],
       [1., 0., 2., 0., 0., 0., 0., 0., 0., 0.]]), array([-78.669  , -58.74577, -38.82254, -18.89931,   1.02392,  20.94715,
        40.87038,  60.79361,  80.71684, 100.64007, 120.5633 ]), array([-142.133  , -118.57684,  -95.02068,  -71.46452,  -47.90836,
        -24.3522 ,   -0.79604,   22.76012,   46.31628,   69.87244,
         93.4286 ]))