(array([[0., 0., 0., 2., 0., 0., 0., 0., 0., 0.],
       [0., 0., 0., 0., 0., 0., 0., 0., 0., 0.],
       [0., 0., 0., 0., 1., 0., 0., 0., 0., 0.],
       [0., 0., 0., 0., 0., 0., 0., 0., 0., 0.],
       [0., 0., 0., 0., 2., 0., 0., 0., 0., 0.],
       [0., 0., 0., 0., 0., 0., 0., 0., 0., 1.],
       [0., 0., 1., 0., 0., 0., 0., 0., 0., 0.],
       [0., 0., 2., 0., 0., 0., 0., 0., 0., 0.],
       [3., 0., 0., 0., 1., 0., 0., 0., 0., 0.],
       [1., 0., 0., 0., 0., 0., 0., 0., 0., 0.]]), array([-66.72891 , -53.257009, -39.785108, -26.313207, -12.841306,
         0.630595,  14.102496,  27.574397,  41.046298,  54.518199,
        67.9901  ]), array([-129.1817 , -114.21604,  -99.25038,  -84.28472,  -69.31906,
        -54.3534 ,  -39.38774,  -24.42208,   -9.45642,    5.50924,
         20.4749 ]))