(array([[0., 0., 2., 1., 0., 0., 0., 0., 0., 0.],
       [0., 0., 1., 0., 0., 0., 0., 0., 0., 0.],
       [0., 0., 0., 0., 0., 0., 0., 0., 0., 0.],
       [0., 0., 0., 0., 0., 0., 0., 0., 0., 1.],
       [0., 0., 0., 0., 0., 0., 0., 0., 0., 0.],
       [1., 1., 0., 0., 0., 0., 0., 0., 0., 0.],
       [1., 0., 0., 0., 0., 0., 0., 0., 0., 0.],
       [3., 0., 0., 0., 0., 0., 0., 0., 0., 0.],
       [0., 1., 0., 0., 0., 0., 0., 0., 0., 0.],
       [2., 0., 0., 0., 0., 0., 0., 0., 0., 0.]]), array([-56.1164 , -40.82871, -25.54102, -10.25333,   5.03436,  20.32205,
        35.60974,  50.89743,  66.18512,  81.47281,  96.7605 ]), array([-129.4737 , -108.22085,  -86.968  ,  -65.71515,  -44.4623 ,
        -23.20945,   -1.9566 ,   19.29625,   40.5491 ,   61.80195,
         83.0548 ]))