(array([[0., 1., 1., 1., 0., 1., 0., 0., 0., 0.],
       [0., 0., 0., 0., 0., 0., 0., 0., 0., 0.],
       [0., 0., 0., 0., 0., 0., 0., 0., 0., 0.],
       [0., 0., 0., 0., 0., 0., 0., 0., 0., 0.],
       [0., 0., 0., 0., 0., 0., 0., 0., 0., 1.],
       [0., 0., 0., 0., 0., 0., 0., 0., 0., 0.],
       [2., 0., 1., 1., 0., 0., 0., 0., 0., 0.],
       [1., 1., 0., 0., 0., 0., 0., 0., 0., 0.],
       [0., 0., 0., 0., 0., 0., 0., 0., 0., 0.],
       [1., 1., 0., 1., 0., 0., 0., 0., 0., 0.]]), array([-59.24496 , -41.996614, -24.748268,  -7.499922,   9.748424,
        26.99677 ,  44.245116,  61.493462,  78.741808,  95.990154,
       113.2385  ]), array([-141.729 , -122.0372, -102.3454,  -82.6536,  -62.9618,  -43.27  ,
        -23.5782,   -3.8864,   15.8054,   35.4972,   55.189 ]))