(array([[0., 1., 0., 0., 0., 0., 0., 0., 0., 0.],
       [0., 2., 1., 0., 0., 0., 0., 0., 0., 0.],
       [0., 0., 0., 0., 0., 0., 0., 0., 0., 0.],
       [1., 0., 0., 0., 0., 0., 0., 0., 0., 0.],
       [2., 0., 0., 0., 0., 0., 0., 0., 0., 1.],
       [0., 0., 0., 0., 0., 0., 0., 0., 0., 0.],
       [2., 0., 0., 0., 0., 0., 0., 0., 0., 0.],
       [0., 1., 1., 0., 1., 0., 0., 0., 0., 0.],
       [0., 0., 0., 0., 0., 0., 0., 0., 0., 0.],
       [0., 1., 0., 0., 0., 0., 0., 0., 0., 0.]]), array([-89.4161 , -68.14886, -46.88162, -25.61438,  -4.34714,  16.9201 ,
        38.18734,  59.45458,  80.72182, 101.98906, 123.2563 ]), array([-124.9128 ,  -99.66868,  -74.42456,  -49.18044,  -23.93632,
          1.3078 ,   26.55192,   51.79604,   77.04016,  102.28428,
        127.5284 ]))